Sword Beach  (2432,969)  (2463,1015)  (2413,923)  (2459,923)  (2462,1061)  (2408,877)
RAF_original  (2361,167)  (2315,193)  (2315,147)  (2407,138)  (2407,184)  (2269,193)  (2269,147)  (2453,138)  (2453,184)  (2223,193)  (2223,147)  (2499,138)  (2499,184)
Omaha Beach  (1550,725)  (1580,771)  (1529,679)  (1575,679)  (1579,817)
F42  (2653,1815)  (2607,1860)  (2607,1814)  (2698,1861)  (2699,1802)  (2605,1768)  (2561,1870)  (2561,1824)  (2744,1848)  (2745,1800)  (2559,1778)  (2790,1846)  (2791,1779)
F41  (2333,1787)  (2287,1832)  (2287,1786)  (2378,1833)  (2333,1741)  (2379,1741)  (2379,1787)  (2285,1740)  (2241,1870)  (2241,1824)  (2424,1833)  (2425,1737)  (2425,1783)  (2239,1778)  (2239,1732)  (2470,1829)  (2471,1737)  (2471,1783)
F40  (1993,1808)  (1947,1853)  (1947,1807)  (2038,1854)  (1993,1762)  (2039,1762)  (2039,1808)  (1945,1761)  (1901,1870)  (1901,1824)  (2084,1854)  (2085,1750)  (2085,1796)  (1899,1778)  (2130,1842)  (2131,1750)  (2131,1796)
F11  (1063,850)  (1017,895)  (1108,896)  (1019,804)  (1065,804)  (1109,850)  (1154,896)  (1123,942)
Cherbourg  (614,369)  (568,408)  (568,362)  (644,415)  (614,323)  (660,353)
F12  (823,1040)  (777,1085)  (777,1039)  (868,1086)  (823,994)  (869,994)  (869,1040)  (775,993)  (822,1131)  (731,1111)  (731,1065)  (914,1086)  (915,968)  (915,1014)  (729,1019)  (729,973)  (732,927)  (685,1099)  (960,1060)  (960,1106)  (961,968)  (961,1014)  (683,1053)  (683,1007)  (683,961)
F10  (806,852)  (760,865)  (760,819)  (851,898)  (806,806)  (852,806)  (852,852)  (714,865)  (714,819)  (897,898)  (898,795)  (898,841)  (703,773)  (668,888)  (668,842)  (943,887)  (944,791)  (944,837)
F8  (361,824)  (315,842)  (315,796)  (406,870)  (361,778)  (407,778)  (407,824)  (408,916)
F19  (696,1232)  (650,1277)  (650,1199)  (741,1278)  (696,1186)  (742,1186)  (742,1232)  (616,1153)  (604,1307)  (787,1278)  (788,1189)  (570,1169)
F9  (528,879)  (482,924)  (482,878)  (573,925)  (528,833)  (574,833)  (574,879)  (480,832)  (527,970)  (481,970)  (618,971)  (526,787)  (572,787)  (458,786)  (572,1016)  (526,1016)  (623,1017)  (504,741)  (550,741)  (596,741)  (577,1062)  (531,1062)
F6  (585,621)  (539,666)  (539,620)  (630,667)  (585,575)  (631,575)  (631,621)  (537,574)  (493,678)  (493,632)  (676,667)  (677,562)  (677,608)  (491,586)  (491,540)  (447,662)  (722,654)  (722,700)  (723,562)  (723,608)  (445,616)  (445,570)  (445,524)  (768,654)  (768,700)  (769,575)  (399,565)  (399,519)  (814,621)  (814,667)  (814,713)
F17  (2399,1249)  (2353,1257)  (2353,1211)  (2444,1295)  (2399,1203)  (2348,1165)  (2490,1286)  (2526,1238)  (2536,1284)
F7  (944,656)  (898,701)  (898,655)  (989,702)  (944,610)  (990,610)  (990,656)
F18  (2714,1251)  (2668,1296)  (2668,1250)  (2759,1297)  (2714,1205)  (2760,1205)  (2760,1251)  (2666,1204)  (2713,1342)  (2667,1342)  (2622,1296)  (2622,1250)  (2805,1297)  (2805,1343)  (2759,1343)  (2800,1159)  (2806,1205)  (2806,1251)
F15  (1870,1111)  (1824,1156)  (1824,1110)  (1888,1157)  (1870,1065)  (1916,1071)  (1822,1064)  (1934,1117)  (1842,1202)  (1796,1202)  (1778,1156)  (1778,1110)  (1776,1064)  (1980,1082)  (2024,1128)  (2026,1080)
F16  (2188,1170)  (2142,1207)  (2142,1161)  (2233,1216)  (2188,1124)  (2234,1124)  (2234,1170)  (2132,1115)  (2187,1253)  (2247,1262)
F13  (1104,1057)  (1058,1102)  (1058,1056)  (1149,1103)  (1104,1011)  (1150,1017)  (1056,1010)  (1195,1063)  (1195,1109)
F14  (1465,1048)  (1419,1093)  (1419,1047)  (1474,1094)  (1465,1002)  (1511,1002)  (1511,1048)  (1417,1001)  (1373,1111)  (1373,1065)  (1463,956)  (1557,991)  (1557,1037)  (1557,1083)  (1371,1019)  (1371,973)  (1417,955)  (1327,1143)  (1327,1097)  (1603,1013)  (1603,1059)  (1325,1051)  (1325,1005)  (1615,1105)  (1649,1022)  (1661,1068)  (1707,1043)  (1707,1089)
F1  (346,373)  (300,347)  (391,419)  (345,419)  (346,327)  (392,327)  (392,373)  (273,301)  (227,279)
F5  (323,636)  (277,609)  (368,682)  (322,682)  (323,590)  (269,563)  (303,517)
F4  (1012,395)  (966,401)  (966,355)  (1057,441)  (1012,349)  (1058,349)  (1058,395)  (1011,447)  (952,309)  (1023,493)
F3  (859,443)  (813,488)  (813,442)  (904,489)  (859,397)  (905,397)  (905,443)  (811,396)  (858,534)  (906,535)  (857,351)  (805,350)
F2  (648,482)  (602,507)  (694,458)  (694,504)  (717,412)  (556,488)  (740,458)  (740,504)  (513,442)  (500,396)  (491,350)  (467,451)
Caen  (2298,1360)  (2252,1377)  (2338,1406)  (2282,1314)  (2328,1314)  (2344,1360)
F27  (1552,1465)  (1506,1510)  (1506,1464)  (1597,1511)  (1552,1419)  (1598,1419)  (1598,1465)  (1504,1418)  (1460,1513)  (1460,1467)  (1643,1511)  (1643,1557)  (1597,1557)  (1644,1432)  (1458,1421)  (1484,1372)  (1530,1372)  (1689,1485)
F26  (1178,1490)  (1132,1535)  (1132,1489)  (1216,1536)  (1178,1444)  (1130,1443)  (1224,1418)  (1170,1581)  (1124,1581)  (1253,1582)  (1176,1398)  (1270,1381)  (1222,1372)  (1299,1595)  (1345,1595)  (1386,1388)
F25  (959,1523)  (913,1568)  (913,1522)  (1004,1569)  (959,1477)  (1005,1477)  (1005,1523)  (911,1476)  (958,1614)  (912,1614)  (867,1540)  (1050,1569)  (1050,1615)  (1004,1615)  (957,1431)  (1003,1431)  (1049,1431)  (1051,1485)  (865,1494)  (890,1430)  (866,1626)  (958,1660)  (912,1660)  (1050,1661)  (1004,1661)  (866,1672)
F24  (696,1419)  (650,1464)  (650,1418)  (741,1465)  (696,1373)  (742,1373)  (742,1419)  (648,1372)  (604,1502)  (604,1456)  (787,1465)  (788,1376)  (602,1366)
Utah Beach  (1238,651)  (1192,696)  (1263,605)  (1309,587)
F29  (2061,1403)  (2015,1448)  (2015,1402)  (2107,1380)  (2107,1426)  (2013,1356)  (2153,1419)  (2168,1465)
F28  (1821,1409)  (1775,1454)  (1775,1408)  (1866,1455)  (1821,1363)  (1867,1363)  (1867,1409)  (1773,1362)  (1729,1427)  (1912,1455)  (1913,1353)  (1913,1399)  (1727,1381)
F23  (1988,1250)  (1942,1295)  (1942,1249)  (2033,1296)  (1988,1204)  (2034,1206)  (1940,1203)  (1896,1302)  (2079,1252)  (2079,1298)  (2125,1295)
Gold Beach  (1885,832)  (1914,878)  (1862,786)  (1908,786)  (1912,924)
F22  (1594,1229)  (1548,1274)  (1548,1228)  (1639,1275)  (1594,1183)  (1640,1183)  (1640,1229)  (1546,1182)  (1593,1320)  (1502,1318)  (1502,1272)  (1685,1275)  (1672,1321)  (1686,1163)  (1686,1209)  (1500,1226)  (1500,1180)  (1731,1255)  (1731,1301)  (1777,1276)
F21  (1336,1259)  (1290,1303)  (1290,1257)  (1381,1305)  (1336,1213)  (1382,1213)  (1382,1259)  (1287,1211)  (1427,1305)  (1428,1210)  (1428,1256)
F20  (994,1257)  (948,1302)  (948,1256)  (1039,1303)  (994,1211)  (1040,1211)  (1040,1257)  (946,1210)  (955,1348)  (909,1348)  (902,1302)  (902,1256)  (1085,1303)  (1086,1183)  (1086,1229)  (900,1210)  (1113,1349)  (863,1355)  (856,1309)  (856,1263)  (1131,1275)  (1132,1193)  (1177,1239)  (1177,1285)
USAAF_original  (1955,163)  (1909,193)  (1909,147)  (2001,138)  (2001,184)  (1863,193)  (1863,147)  (2047,138)  (2047,184)  (1817,193)  (1817,147)  (2093,138)  (2093,184)
Sea  (1866,602)  (1812,568)  (1916,537)  (1956,607)  (2015,535)
F36  (1524,1723)  (1478,1768)  (1478,1722)  (1569,1769)  (1524,1677)  (1570,1677)  (1570,1723)  (1476,1676)  (1523,1814)  (1477,1814)  (1615,1769)  (1615,1815)  (1569,1815)  (1522,1631)  (1568,1631)  (1616,1649)  (1616,1695)  (1430,1687)  (1430,1641)  (1476,1630)  (1426,1595)  (1523,1860)  (1477,1860)  (1623,1861)  (1577,1861)  (1472,1584)
F35  (1220,1758)  (1174,1803)  (1174,1757)  (1265,1804)  (1220,1712)  (1266,1712)  (1266,1758)  (1172,1711)  (1219,1849)  (1173,1849)  (1128,1803)  (1128,1757)  (1311,1804)  (1311,1850)  (1265,1850)  (1127,1850)  (1218,1666)  (1264,1666)  (1312,1691)  (1312,1737)  (1126,1711)  (1357,1783)  (1357,1829)  (1358,1728)
Juno Beach  (2137,852)  (2166,898)  (2114,806)  (2160,806)  (2164,944)
F38  (2093,1586)  (2047,1631)  (2047,1585)  (2138,1632)  (2093,1540)  (2139,1540)  (2139,1586)  (2045,1539)  (2092,1677)  (2046,1677)  (2001,1631)  (2001,1585)  (2184,1632)  (2149,1678)  (2000,1678)  (2185,1528)  (2185,1574)  (1999,1539)  (1955,1599)  (2230,1620)  (2231,1511)  (2231,1557)  (1953,1553)  (1953,1507)  (2276,1603)  (2276,1649)  (2277,1511)  (2277,1557)  (1907,1565)  (1907,1519)  (2322,1603)  (2322,1649)  (2323,1511)  (2323,1557)
F37  (1756,1682)  (1710,1727)  (1710,1681)  (1801,1728)  (1756,1636)  (1802,1636)  (1802,1682)  (1708,1635)  (1755,1773)  (1709,1773)  (1821,1774)  (1754,1590)  (1800,1590)  (1848,1603)  (1848,1649)  (1848,1695)  (1775,1819)  (1729,1819)  (1683,1819)  (1821,1820)  (1756,1544)  (1802,1544)  (1894,1641)  (1894,1687)  (1775,1865)  (1729,1865)  (1683,1865)  (1821,1866)
F39  (2500,1598)  (2454,1643)  (2454,1597)  (2545,1644)  (2500,1552)  (2546,1552)  (2546,1598)  (2452,1551)  (2408,1687)  (2408,1641)  (2591,1644)  (2592,1545)  (2592,1591)  (2406,1595)  (2406,1549)  (2637,1686)  (2638,1527)
St. Lo  (1312,1488)  (1266,1500)  (1345,1534)  (1289,1442)  (1335,1442)  (1358,1488)
F30  (2237,1458)  (2370,1461)
F32  (2750,1525)  (2795,1571)  (2749,1571)  (2706,1479)  (2752,1479)  (2796,1525)  (2798,1477)  (2703,1614)  (2820,1617)  (2774,1617)  (2706,1433)  (2752,1433)  (2798,1431)  (2728,1660)  (2820,1663)  (2774,1663)  (2728,1706)  (2820,1709)  (2774,1709)
F31  (2519,1419)  (2473,1461)  (2473,1415)  (2564,1465)  (2519,1373)  (2565,1373)  (2565,1419)  (2468,1369)  (2610,1465)  (2611,1394)  (2656,1440)
F34  (939,1813)  (893,1858)  (893,1812)  (984,1859)  (939,1767)  (985,1767)  (985,1813)  (891,1766)  (1030,1859)  (1031,1749)  (1031,1795)
F33  (716,1717)  (670,1762)  (670,1716)  (761,1763)  (716,1671)  (762,1671)  (762,1717)  (715,1808)  (669,1808)  (624,1762)  (804,1809)  (707,1625)  (753,1625)  (799,1625)  (653,1584)  (595,1583)  (758,1854)  (712,1854)  (666,1854)  (804,1855)  (699,1579)  (745,1579)  (791,1579)

A31  (2502,1367)
B30  (1265,1085)
UsaParaAttack  (124,539)
B23  (988,948)
B22  (815,939)
B21  (1116,963)
B20  (999,826)
B27  (738,1156)
B26  (567,1130)
B25  (1020,1010)
B24  (658,1026)
A29  (2027,1364)  (2120,1380)
A28  (1799,1363)  (1845,1353)  (1753,1386)  (1891,1369)  (1937,1353)
A27  (1505,1412)  (1459,1391)  (1551,1374)  (1597,1385)
B29  (1132,1151)
B28  (909,1148)
A25  (915,1471)  (869,1516)  (923,1517)  (890,1425)  (936,1425)  (961,1471)  (982,1419)  (993,1517)  (1007,1465)  (1028,1393)  (1039,1511)
A24  (671,1377)  (625,1400)  (717,1357)  (763,1357)
A23  (1967,1201)  (2013,1206)  (2059,1205)
A22  (1557,1195)  (1511,1219)  (1511,1173)  (1603,1171)  (1649,1171)  (1661,1217)  (1695,1156)  (1707,1202)
A21  (1296,1208)  (1342,1198)  (1388,1188)  (1434,1222)
A40  (1951,1768)  (1905,1787)  (1997,1750)  (2043,1750)  (2089,1750)  (2135,1750)
G40  (1961,1851)  (1915,1870)  (2007,1859)  (2053,1848)  (2099,1835)  (2145,1835)
A41  (2308,1738)  (2262,1772)  (2262,1726)  (2354,1737)  (2216,1772)  (2216,1726)  (2400,1737)  (2446,1737)  (2492,1737)
A42  (2618,1771)  (2572,1790)  (2572,1744)  (2792,1779)
G41  (2321,1846)  (2275,1870)  (2275,1824)  (2367,1845)  (2229,1870)  (2229,1824)  (2413,1820)  (2413,1866)  (2459,1820)  (2459,1866)
G42  (2639,1860)  (2593,1870)  (2685,1862)  (2731,1839)  (2777,1839)
RAF  (826,180)  (872,159)  (872,205)  (918,159)  (918,205)  (964,159)  (964,205)  (1010,159)  (1010,205)
B40  (822,1637)
B41  (817,1808)
B32  (818,1249)
B31  (683,1324)
B34  (822,1380)
B33  (1243,1280)
CaenG  (2256,1456)  (2302,1460)  (2348,1436)  (2394,1436)
B36  (1168,1372)
B35  (967,1386)
B38  (847,1458)
B37  (687,1518)
A37  (2078,1536)  (2032,1572)  (2032,1526)  (2124,1518)  (1986,1572)  (1986,1526)  (2170,1528)  (1940,1572)  (1940,1526)  (2216,1522)  (2216,1568)  (1894,1548)  (2262,1527)  (2308,1523)  (2308,1569)
B39  (1088,1509)
A36  (1748,1621)  (1702,1666)  (1702,1620)  (1793,1667)  (1748,1575)  (1794,1575)  (1794,1621)  (1839,1667)  (1767,1529)  (1813,1529)  (1840,1590)  (1885,1636)  (1910,1682)
UK Reinforcements  (2242,683)  (2288,683)  (2334,683)  (2380,683)  (2426,683)
A39  (2749,1465)  (2794,1511)  (2748,1511)  (2722,1419)  (2768,1419)  (2795,1465)  (2814,1400)
A38  (2467,1543)  (2421,1576)  (2421,1530)  (2513,1533)  (2559,1545)  (2605,1544)  (2651,1520)  (2651,1566)
A33  (922,1763)  (981,1763)  (876,1786)  (1027,1749)
A32  (704,1610)  (658,1584)  (747,1656)  (704,1564)  (750,1564)  (750,1610)  (645,1671)  (612,1583)  (793,1667)  (796,1552)  (796,1598)
A35  (1472,1644)  (1426,1687)  (1426,1641)  (1485,1690)  (1472,1598)  (1518,1601)  (1426,1595)  (1531,1647)  (1577,1630)  (1577,1676)  (1623,1653)
A34  (1177,1707)  (1131,1752)  (1131,1706)  (1194,1753)  (1223,1672)  (1240,1718)  (1269,1659)  (1286,1705)  (1292,1751)  (1338,1713)  (1338,1759)  (1384,1740)
B51  (1435,1344)
B52  (1264,1171)
B50  (1323,1368)
G7  (922,719)  (968,714)  (1014,689)
G8  (387,897)
G9  (520,997)  (474,968)  (565,1043)  (519,1043)  (520,951)  (566,951)  (566,997)  (458,922)  (611,1043)  (611,1089)  (565,1089)  (612,911)  (612,957)
G4  (1003,481)  (1049,464)  (1095,438)
B49  (1432,1424)
G3  (840,501)  (879,547)  (886,493)  (932,498)
B48  (1536,1560)
G6  (563,663)  (517,668)  (609,661)  (471,687)  (471,641)  (655,637)  (655,683)  (425,638)  (701,637)  (701,683)  (747,637)  (747,683)  (766,729)  (793,637)  (793,683)  (812,729)
B47  (1392,1608)
G5  (315,690)  (361,684)
B46  (1428,1787)
B45  (1221,1641)
B44  (1082,1820)
English Channel Sea Zone  (83,84)  (83,130)  (83,176)  (83,222)  (83,268)  (83,314)  (83,360)  (83,406)  (83,452)  (83,498)  (83,578)  (83,624)  (83,670)  (83,716)  (83,762)  (83,808)  (83,854)  (83,900)  (83,946)  (83,992)  (83,1038)  (83,1084)  (83,1130)  (83,1176)  (83,1222)  (83,1268)  (83,1314)  (83,1360)  (83,1406)  (83,1452)  (83,1498)  (83,1544)  (83,1590)  (83,1636)  (83,1682)  (83,1728)  (83,1774)  (83,1820)  (83,1866)  (129,83)  (129,129)  (129,175)  (129,221)  (129,267)  (129,313)  (129,359)  (129,405)  (129,451)  (129,497)  (129,583)  (129,629)  (129,675)  (129,721)  (129,767)  (129,813)  (129,859)  (129,905)  (129,951)  (129,997)  (129,1043)  (129,1089)  (129,1135)  (129,1181)  (129,1227)  (129,1273)  (129,1319)  (129,1365)  (129,1411)  (129,1457)  (129,1503)  (129,1549)  (129,1595)  (129,1641)  (129,1687)  (129,1781)  (175,83)  (175,129)  (175,329)  (175,375)  (175,421)  (175,467)  (175,513)  (175,559)  (175,605)  (175,651)  (175,697)  (175,743)  (175,789)  (175,904)  (175,950)  (175,996)  (175,1042)  (175,1088)  (175,1134)  (175,1180)  (175,1226)  (175,1272)  (175,1318)  (175,1364)  (175,1410)  (175,1456)  (175,1502)  (175,1548)  (175,1594)  (175,1640)  (175,1686)  (175,1781)  (213,1732)  (218,175)  (221,83)  (221,129)  (221,348)  (221,394)  (221,440)  (221,486)  (221,646)  (221,692)  (221,738)  (221,784)  (221,830)  (221,895)  (221,941)  (221,987)  (221,1033)  (221,1079)  (221,1125)  (221,1171)  (221,1217)  (221,1263)  (221,1309)  (221,1355)  (221,1401)  (221,1447)  (221,1493)  (221,1539)  (221,1585)  (221,1631)  (221,1677)  (221,1778)  (259,1723)  (264,175)  (267,83)  (267,129)  (267,775)  (267,886)  (267,932)  (267,978)  (267,1024)  (267,1070)  (267,1116)  (267,1162)  (267,1208)  (267,1254)  (267,1300)  (267,1346)  (267,1392)  (267,1438)  (267,1484)  (267,1530)  (267,1576)  (267,1622)  (267,1668)  (267,1769)  (305,1714)  (310,175)  (313,83)  (313,129)  (313,938)  (313,984)  (313,1030)  (313,1076)  (313,1122)  (313,1168)  (313,1214)  (313,1260)  (313,1306)  (313,1352)  (313,1398)  (313,1444)  (313,1490)  (313,1536)  (313,1582)  (313,1628)  (313,1760)  (314,221)  (351,1674)  (359,83)  (359,977)  (359,1023)  (359,1069)  (359,1115)  (359,1161)  (359,1207)  (359,1253)  (359,1299)  (359,1345)  (359,1391)  (359,1437)  (359,1483)  (359,1529)  (359,1575)  (359,1621)  (359,1720)  (359,1777)  (363,257)  (397,1667)  (405,83)  (405,1018)  (405,1064)  (405,1110)  (405,1156)  (405,1202)  (405,1248)  (405,1294)  (405,1340)  (405,1386)  (405,1432)  (405,1478)  (405,1524)  (405,1570)  (405,1616)  (405,1713)  (405,1777)  (409,257)  (443,1662)  (451,83)  (451,1111)  (451,1157)  (451,1203)  (451,1249)  (451,1295)  (451,1341)  (451,1387)  (451,1433)  (451,1479)  (451,1525)  (451,1571)  (451,1708)  (451,1777)  (455,257)  (489,1617)  (497,83)  (497,1211)  (497,1257)  (497,1303)  (497,1349)  (497,1395)  (497,1441)  (497,1487)  (497,1533)  (497,1663)  (497,1709)  (497,1755)  (497,1801)  (501,257)  (543,83)  (543,1225)  (543,1309)  (543,1355)  (543,1401)  (543,1536)  (543,1673)  (543,1719)  (543,1765)  (547,257)  (547,1811)  (547,1857)  (589,83)  (593,257)  (635,83)  (639,257)  (681,83)  (685,257)  (704,303)  (727,83)  (730,129)  (730,175)  (731,221)  (750,267)  (773,83)  (796,257)  (819,83)  (865,83)  (911,83)  (957,83)  (997,257)  (1003,83)  (1043,257)  (1045,582)  (1049,83)  (1063,628)  (1084,674)  (1089,257)  (1091,546)  (1095,83)  (1109,592)  (1110,303)  (1112,720)  (1135,257)  (1137,504)  (1138,349)  (1141,83)  (1152,395)  (1155,550)  (1155,596)  (1156,129)  (1156,175)  (1156,303)  (1159,786)  (1169,445)  (1181,221)  (1183,491)  (1184,349)  (1187,83)  (1201,537)  (1202,129)  (1202,175)  (1202,267)  (1205,786)  (1209,960)  (1215,445)  (1217,907)  (1227,221)  (1229,491)  (1230,313)  (1230,359)  (1233,83)  (1248,129)  (1248,175)  (1248,267)  (1251,786)  (1261,445)  (1263,907)  (1268,739)  (1273,221)  (1275,491)  (1276,313)  (1276,359)  (1279,83)  (1294,129)  (1294,175)  (1294,267)  (1297,785)  (1307,445)  (1309,907)  (1314,699)  (1319,221)  (1321,491)  (1322,313)  (1322,359)  (1325,83)  (1340,129)  (1340,175)  (1340,267)  (1343,745)  (1351,537)  (1353,445)  (1360,658)  (1365,221)  (1367,491)  (1368,313)  (1368,359)  (1371,83)  (1386,129)  (1386,175)  (1386,267)  (1388,791)  (1388,837)  (1388,883)  (1389,704)  (1395,583)  (1397,537)  (1399,445)  (1406,629)  (1411,221)  (1413,491)  (1414,313)  (1414,359)  (1417,83)  (1432,129)  (1432,175)  (1432,267)  (1434,750)  (1434,796)  (1434,842)  (1434,888)  (1435,675)  (1441,583)  (1443,537)  (1445,405)  (1452,629)  (1457,221)  (1459,451)  (1460,313)  (1460,359)  (1463,83)  (1478,129)  (1478,175)  (1478,267)  (1480,721)  (1480,767)  (1480,863)  (1487,583)  (1489,497)  (1491,405)  (1503,221)  (1505,451)  (1506,313)  (1506,359)  (1509,83)  (1524,129)  (1524,175)  (1524,267)  (1533,543)  (1533,589)  (1535,497)  (1537,405)  (1549,221)  (1551,451)  (1552,313)  (1552,359)  (1555,83)  (1570,129)  (1570,175)  (1570,267)  (1573,919)  (1579,543)  (1579,589)  (1581,497)  (1583,405)  (1595,221)  (1597,451)  (1598,313)  (1598,359)  (1601,83)  (1616,129)  (1616,175)  (1616,267)  (1619,882)  (1619,928)  (1625,543)  (1625,589)  (1627,497)  (1628,784)  (1629,405)  (1632,720)  (1636,666)  (1641,221)  (1643,451)  (1644,313)  (1644,359)  (1647,83)  (1661,830)  (1662,129)  (1662,175)  (1662,267)  (1665,876)  (1665,922)  (1665,968)  (1671,543)  (1671,589)  (1673,497)  (1674,766)  (1675,405)  (1678,712)  (1682,635)  (1687,221)  (1689,451)  (1690,313)  (1690,359)  (1693,83)  (1707,812)  (1708,129)  (1708,175)  (1708,267)  (1711,858)  (1711,904)  (1711,950)  (1717,543)  (1719,497)  (1720,758)  (1721,405)  (1733,221)  (1735,451)  (1736,313)  (1736,359)  (1739,83)  (1749,996)  (1753,804)  (1754,129)  (1754,175)  (1754,267)  (1757,850)  (1757,896)  (1757,942)  (1763,543)  (1765,497)  (1766,714)  (1767,405)  (1779,221)  (1781,451)  (1782,313)  (1782,359)  (1785,83)  (1795,988)  (1799,760)  (1800,129)  (1800,175)  (1800,267)  (1803,806)  (1803,852)  (1803,898)  (1809,543)  (1811,497)  (1813,405)  (1825,221)  (1827,451)  (1828,313)  (1828,359)  (1831,83)  (1841,1002)  (1846,129)  (1846,175)  (1846,267)  (1855,543)  (1857,497)  (1859,405)  (1871,221)  (1873,451)  (1874,313)  (1874,359)  (1877,83)  (1892,129)  (1892,175)  (1892,267)  (1901,543)  (1903,497)  (1905,405)  (1917,221)  (1919,451)  (1920,313)  (1920,359)  (1923,83)  (1929,1016)  (1938,129)  (1938,175)  (1938,267)  (1947,543)  (1949,497)  (1951,405)  (1961,895)  (1963,221)  (1965,451)  (1965,831)  (1966,313)  (1966,359)  (1969,83)  (1969,777)  (1971,714)  (1974,589)  (1974,635)  (1975,970)  (1975,1016)  (1984,129)  (1984,175)  (1984,267)  (1993,543)  (1995,497)  (1997,405)  (2007,877)  (2007,923)  (2009,221)  (2011,451)  (2011,823)  (2012,313)  (2012,359)  (2015,83)  (2015,760)  (2017,681)  (2020,589)  (2020,635)  (2021,969)  (2021,1015)  (2030,129)  (2030,175)  (2030,267)  (2039,543)  (2041,497)  (2043,405)  (2053,869)  (2053,915)  (2055,221)  (2057,451)  (2057,806)  (2058,313)  (2058,359)  (2061,83)  (2061,727)  (2063,681)  (2066,589)  (2066,635)  (2067,999)  (2076,129)  (2076,175)  (2076,267)  (2085,543)  (2087,497)  (2089,405)  (2101,221)  (2103,451)  (2104,313)  (2104,359)  (2107,83)  (2109,681)  (2112,589)  (2112,635)  (2122,129)  (2122,175)  (2122,267)  (2131,543)  (2133,497)  (2135,405)  (2147,221)  (2149,451)  (2150,313)  (2150,359)  (2153,83)  (2155,681)  (2158,589)  (2158,635)  (2168,129)  (2168,175)  (2168,267)  (2177,543)  (2179,497)  (2179,1040)  (2181,405)  (2188,727)  (2193,221)  (2195,451)  (2196,313)  (2196,359)  (2199,83)  (2204,589)  (2204,635)  (2213,917)  (2214,129)  (2214,175)  (2214,267)  (2217,853)  (2221,799)  (2223,543)  (2225,497)  (2225,994)  (2225,1040)  (2227,405)  (2234,729)  (2239,221)  (2241,451)  (2242,313)  (2242,359)  (2245,83)  (2250,589)  (2250,635)  (2259,899)  (2259,945)  (2260,129)  (2260,175)  (2260,267)  (2263,845)  (2267,775)  (2269,543)  (2271,497)  (2271,991)  (2271,1037)  (2273,405)  (2280,729)  (2285,221)  (2287,451)  (2288,313)  (2288,359)  (2291,83)  (2296,589)  (2296,635)  (2305,891)  (2305,937)  (2306,129)  (2306,175)  (2306,267)  (2309,821)  (2313,775)  (2315,543)  (2317,497)  (2317,983)  (2317,1029)  (2317,1075)  (2319,405)  (2326,729)  (2331,221)  (2333,451)  (2334,313)  (2334,359)  (2337,83)  (2342,589)  (2342,635)  (2351,867)  (2351,913)  (2352,129)  (2352,175)  (2352,267)  (2355,821)  (2359,775)  (2361,543)  (2363,497)  (2363,959)  (2363,1005)  (2363,1051)  (2364,1097)  (2365,405)  (2372,729)  (2377,221)  (2379,451)  (2380,313)  (2380,359)  (2383,83)  (2388,589)  (2388,635)  (2397,867)  (2397,913)  (2398,129)  (2398,175)  (2398,267)  (2401,821)  (2405,775)  (2407,543)  (2409,497)  (2409,959)  (2409,1005)  (2409,1051)  (2410,1097)  (2411,405)  (2418,729)  (2423,221)  (2425,451)  (2426,313)  (2426,359)  (2429,83)  (2434,589)  (2434,635)  (2443,867)  (2443,913)  (2443,1143)  (2444,129)  (2444,175)  (2444,267)  (2447,821)  (2451,775)  (2453,543)  (2455,497)  (2455,959)  (2455,1005)  (2455,1051)  (2456,1097)  (2457,405)  (2464,729)  (2469,221)  (2471,451)  (2472,313)  (2472,359)  (2475,83)  (2480,589)  (2480,635)  (2489,867)  (2489,913)  (2489,1143)  (2490,129)  (2490,175)  (2490,267)  (2493,681)  (2493,821)  (2497,775)  (2499,543)  (2501,497)  (2501,959)  (2501,1005)  (2501,1051)  (2502,1097)  (2503,405)  (2510,727)  (2515,221)  (2517,451)  (2518,313)  (2518,359)  (2521,83)  (2526,589)  (2526,635)  (2535,867)  (2535,913)  (2535,1143)  (2536,129)  (2536,175)  (2536,267)  (2539,681)  (2539,821)  (2543,773)  (2545,543)  (2547,497)  (2547,959)  (2547,1005)  (2547,1051)  (2548,1097)  (2549,405)  (2556,727)  (2561,221)  (2563,451)  (2564,313)  (2564,359)  (2567,83)  (2572,589)  (2572,635)  (2581,867)  (2581,913)  (2581,1143)  (2582,129)  (2582,175)  (2582,267)  (2585,681)  (2585,819)  (2589,773)  (2591,543)  (2593,497)  (2593,959)  (2593,1005)  (2593,1051)  (2594,1097)  (2595,405)  (2602,727)  (2607,221)  (2609,451)  (2610,313)  (2610,359)  (2613,83)  (2618,589)  (2618,635)  (2627,865)  (2627,911)  (2627,1143)  (2628,129)  (2628,175)  (2628,267)  (2631,681)  (2631,819)  (2635,773)  (2637,543)  (2639,497)  (2639,957)  (2639,1003)  (2639,1049)  (2640,1095)  (2641,405)  (2648,727)  (2653,221)  (2655,451)  (2656,313)  (2656,359)  (2659,83)  (2664,589)  (2664,635)  (2673,865)  (2673,911)  (2673,1141)  (2674,129)  (2674,175)  (2674,267)  (2677,681)  (2677,819)  (2683,543)  (2685,497)  (2685,957)  (2685,1003)  (2685,1049)  (2686,1095)  (2687,405)  (2694,727)  (2699,221)  (2701,451)  (2702,313)  (2702,359)  (2705,83)  (2710,589)  (2710,635)  (2719,865)  (2719,911)  (2720,129)  (2720,175)  (2720,267)  (2723,681)  (2723,816)  (2729,543)  (2731,497)  (2731,957)  (2731,1003)  (2731,1049)  (2732,1095)  (2733,405)  (2740,727)  (2745,221)  (2747,451)  (2748,313)  (2748,359)  (2751,83)  (2756,589)  (2756,635)  (2765,862)  (2765,908)  (2766,129)  (2766,175)  (2766,267)  (2769,681)  (2769,773)  (2775,543)  (2777,497)  (2777,954)  (2777,1000)  (2777,1046)  (2778,1092)  (2779,405)  (2786,727)  (2791,221)  (2793,451)  (2794,313)  (2794,359)  (2797,83)  (2802,589)  (2802,635)  (2811,819)  (2811,865)  (2812,129)  (2812,175)  (2812,267)  (2815,681)  (2815,773)
B43  (1083,1679)
G1  (347,442)  (393,417)
B42  (948,1732)
A20  (981,1201)  (935,1239)  (935,1193)  (1027,1184)  (1067,1230)  (889,1239)  (889,1193)  (1073,1184)  (1113,1230)  (1159,1201)
B60  (1662,1414)
B61  (1691,1555)
B62  (1837,1287)
B63  (1949,1163)
St.LoG  (1188,1572)  (1142,1617)  (1142,1571)  (1234,1556)  (1280,1555)  (1285,1601)  (1326,1531)  (1331,1577)  (1372,1531)
St.LoA  (1181,1440)  (1135,1483)  (1135,1437)  (1200,1394)  (1227,1440)  (1246,1375)  (1273,1421)  (1293,1467)  (1319,1397)  (1339,1443)  (1365,1388)  (1385,1434)  (1385,1480)
UKParaAttack  (2708,773)
B58  (1761,1208)
A19  (676,1179)  (630,1186)  (758,1192)  (584,1174)  (804,1191)  (538,1161)
A18  (2676,1211)  (2722,1189)  (2630,1232)  (2768,1171)  (2768,1217)  (2814,1152)  (2814,1198)
B57  (1729,1335)
B59  (1752,1065)
B150  (2304,1149)
B54  (1587,1139)
B53  (1351,1157)
B56  (1564,1336)
B55  (1464,1187)
A11  (1049,808)  (1095,806)
A10  (756,801)  (710,816)  (696,770)  (859,799)  (938,815)
A13  (1084,999)  (1130,1001)  (1038,982)  (1185,1019)
A12  (719,992)  (673,965)  (719,946)  (765,959)  (765,1005)  (811,976)  (857,974)  (903,967)  (903,1013)  (949,968)  (949,1014)
A15  (1856,1072)  (1810,1087)  (1950,1081)  (1996,1082)  (2042,1083)
A14  (1377,999)  (1331,1039)  (1331,993)  (1400,953)  (1423,999)  (1446,944)  (1469,990)  (1515,961)  (1515,1007)  (1561,992)  (1561,1038)  (1607,1015)  (1653,1022)
A17  (2373,1220)  (2327,1248)  (2348,1174)  (2419,1195)  (2511,1248)
A16  (2173,1127)  (2127,1165)  (2219,1106)  (2236,1152)
B70  (2374,1333)
A1  (328,323)  (282,315)  (374,319)  (268,269)  (222,279)
A4  (1004,344)  (958,323)  (1050,326)  (1075,372)
A3  (824,368)  (818,322)  (870,332)  (870,378)
A6  (498,568)  (452,589)  (452,543)  (544,554)  (406,554)  (406,508)  (590,562)  (636,562)  (682,562)  (728,562)  (774,579)
B74  (2765,1358)
A5  (289,573)  (297,527)
B73  (2644,1358)
B72  (2591,1280)
A8  (347,793)  (393,775)  (408,821)
B71  (2506,1333)
A7  (916,608)  (962,582)  (990,628)
A9  (502,809)  (491,855)  (458,763)  (504,763)  (548,809)  (550,761)  (588,855)  (594,807)  (596,730)
R6  (433,1748)
R4  (377,1747)
R5  (405,1745)
R2  (151,1752)
Reinforcements Rennes Chartres  (129,1848)
R3  (178,1752)
Omaha BeachA  (1536,715)  (1581,761)  (1528,669)  (1574,669)  (1582,715)  (1579,807)
B66  (2103,1097)
B67  (2160,1269)
B64  (2071,1326)
B65  (1881,1337)
B68  (2257,1334)
B69  (2181,1331)
B5  (351,472)
B4  (305,477)
B3  (945,395)
B81  (2071,1476)
B2  (786,411)
B80  (1897,1493)
B9  (1007,535)
B83  (2375,1496)
B8  (918,555)
B82  (2273,1494)
B7  (820,555)
B85  (2691,1524)
B6  (612,525)
B84  (2499,1498)
R1  (127,1752)
USParaAttack  (182,864)
B75  (1972,1423)
B76  (2210,1438)
B77  (2425,1386)
B78  (2689,1426)
B79  (1785,1487)
B1  (442,374)
B96  (2538,1778)
B95  (2640,1644)
USAAF  (414,176)  (368,211)  (368,165)  (460,160)  (460,206)  (506,160)  (506,206)  (552,160)  (552,206)  (598,160)  (598,206)
B94  (2602,1701)
B93  (2448,1701)
B92  (2365,1552)
B91  (2271,1683)
B90  (2183,1736)
CaenA  (2249,1373)  (2332,1367)  (2378,1367)
B88  (1956,1637)
B89  (2069,1711)
B86  (1658,1792)
B87  (1884,1712)
B97  (2759,1768)
CherbourgA  (566,343)  (520,377)  (612,315)  (474,343)  (655,361)  (748,377)
Shorebombardment  (1747,649)  (1793,634)  (1839,634)  (1885,634)
BlockhouseAttack  (1217,833)  (1263,832)  (1309,832)
CherbourgG  (571,463)  (525,475)  (525,429)  (617,449)  (617,495)  (479,456)  (663,425)  (663,471)  (709,425)  (709,471)
P12  (814,1038)
P11  (1075,860)
P14  (1476,1069)
P13  (1129,1064)
P16  (2169,1186)
P15  (1895,1113)
P18  (2710,1258)
P17  (2415,1270)
P19  (717,1233)
Reinforcements Rouen Chartres  (377,1853)
P10  (811,841)
USA Reinforcements  (1204,405)
Utah BeachA  (1224,652)  (1262,606)  (1216,698)  (1170,701)  (1308,586)
P9  (527,890)
P8  (342,852)
P5  (315,634)
P4  (1048,415)
P7  (934,658)
P6  (594,616)
P1  (339,377)
P3  (857,441)
USAAFBombers  (661,176)
P2  (597,403)
Juno BeachA  (2118,852)  (2147,898)  (2114,806)  (2160,806)  (2164,852)  (2164,944)
Sword BeachA  (2415,947)  (2448,993)  (2411,901)  (2457,901)  (2461,947)  (2462,1039)  (2444,1085)
G15  (1843,1175)  (1797,1217)  (1797,1171)  (1851,1221)  (2028,1135)
G14  (1383,1096)  (1337,1126)  (1429,1087)  (1532,1087)  (1578,1086)  (1624,1086)  (1670,1086)  (1716,1086)
G13  (1096,1113)  (1050,1131)  (1050,1085)  (1142,1105)  (1188,1088)  (1188,1134)  (1234,1115)
G12  (782,1105)  (736,1113)  (736,1067)  (828,1090)  (690,1100)  (874,1066)  (874,1112)  (920,1066)  (920,1112)  (966,1066)  (966,1112)
G19  (691,1287)  (645,1307)  (737,1282)  (599,1307)  (783,1257)
P42  (2658,1816)
G18  (2692,1318)  (2646,1327)  (2646,1281)  (2738,1304)  (2784,1280)  (2784,1326)
G17  (2371,1303)  (2458,1316)  (2325,1316)  (2504,1296)  (2550,1296)
P41  (2343,1796)
G16  (2204,1263)  (2242,1217)  (2250,1263)
P40  (1991,1809)
G11  (1050,907)  (1096,908)  (1142,883)  (1142,929)
G10  (798,891)  (752,865)  (844,890)  (706,866)  (890,863)  (924,909)  (936,863)
B19  (1037,747)
B17  (767,769)
B18  (911,782)
B11  (617,691)
P28  (1814,1419)
B12  (859,677)
P29  (2060,1410)
P26  (1243,1505)
B10  (386,586)
P27  (1552,1454)
P24  (710,1424)
B15  (439,841)
B16  (629,827)
P25  (948,1562)
P22  (1597,1247)
B13  (366,743)
P23  (1978,1273)
B14  (441,729)
P21  (1328,1253)
P20  (1010,1264)
G39  (2754,1668)  (2708,1713)  (2708,1667)  (2799,1714)  (2754,1622)  (2800,1622)  (2800,1668)  (2706,1621)
G38  (2474,1659)  (2428,1673)  (2428,1627)  (2520,1648)  (2566,1624)  (2566,1670)  (2612,1671)
G37  (2088,1656)  (2042,1689)  (2042,1643)  (2134,1643)  (1996,1700)  (1996,1654)  (2180,1630)  (2226,1619)  (2272,1619)  (2318,1619)
G36  (1740,1825)  (1694,1870)  (1694,1824)  (1740,1779)  (1786,1779)  (1786,1825)  (1692,1778)
G35  (1499,1820)  (1453,1865)  (1453,1819)  (1544,1866)  (1499,1774)  (1545,1774)  (1545,1820)  (1446,1754)  (1590,1866)  (1591,1747)  (1591,1793)
G34  (1185,1834)  (1139,1870)  (1139,1824)  (1231,1833)  (1277,1831)  (1323,1808)  (1323,1854)  (1369,1808)  (1369,1854)
G33  (936,1859)  (890,1870)  (982,1858)  (1028,1834)
G32  (710,1810)  (664,1855)  (664,1809)  (755,1856)  (710,1764)  (756,1764)  (756,1810)  (662,1763)  (801,1856)  (802,1739)
G31  (2526,1463)  (2480,1461)  (2572,1463)  (2618,1438)
Gold BeachA  (1868,830)  (1913,876)  (1862,784)  (1908,784)  (1914,830)  (1912,922)
RAFBombers  (1092,179)
P37  (2131,1593)
P38  (2496,1602)
P39  (2750,1578)
P33  (945,1810)
P34  (1230,1786)
P35  (1531,1720)
P36  (1753,1729)
P30  (2283,1412)
G28  (1784,1456)  (1860,1456)  (1738,1435)  (1906,1434)
G27  (1567,1526)  (1521,1529)  (1612,1572)  (1610,1480)  (1613,1526)  (1509,1483)  (1656,1476)  (1659,1522)  (1463,1513)  (1705,1496)
P32  (703,1715)
P31  (2536,1420)
G29  (2031,1450)  (2117,1440)  (2163,1439)
G24  (686,1473)  (640,1502)  (640,1456)  (732,1473)  (594,1494)  (778,1448)  (778,1494)
G23  (1936,1302)  (2034,1301)  (1890,1302)  (2080,1293)  (2126,1296)
G25  (926,1644)  (880,1689)  (880,1643)  (971,1690)  (972,1611)  (878,1597)  (1017,1657)  (1018,1585)
G20  (980,1318)  (934,1353)  (934,1307)  (1026,1313)  (888,1369)  (888,1323)  (1072,1288)  (1072,1334)  (842,1336)  (1118,1289)  (1118,1335)  (1164,1289)
G22  (1589,1292)  (1543,1308)  (1635,1292)  (1651,1338)  (1497,1318)  (1497,1272)  (1681,1267)  (1727,1267)  (1773,1275)
G21  (1316,1308)  (1362,1298)  (1408,1273)