Sword Beach  (2432,969)  (2463,1015)  (2413,923)  (2459,923)  (2462,1061)  (2408,877)
RAF  (2361,167)  (2315,193)  (2315,147)  (2407,138)  (2407,184)  (2269,193)  (2269,147)  (2453,138)  (2453,184)  (2223,193)  (2223,147)  (2499,138)  (2499,184)
Omaha Beach  (1550,725)  (1580,771)  (1529,679)  (1575,679)  (1579,817)
F42  (2653,1815)  (2607,1860)  (2607,1814)  (2698,1861)  (2699,1802)  (2605,1768)  (2561,1870)  (2561,1824)  (2744,1848)  (2745,1800)  (2559,1778)  (2790,1846)  (2791,1779)
F41  (2333,1787)  (2287,1832)  (2287,1786)  (2378,1833)  (2333,1741)  (2379,1741)  (2379,1787)  (2285,1740)  (2241,1870)  (2241,1824)  (2424,1833)  (2425,1737)  (2425,1783)  (2239,1778)  (2239,1732)  (2470,1829)  (2471,1737)  (2471,1783)
F40  (1993,1808)  (1947,1853)  (1947,1807)  (2038,1854)  (1993,1762)  (2039,1762)  (2039,1808)  (1945,1761)  (1901,1870)  (1901,1824)  (2084,1854)  (2085,1750)  (2085,1796)  (1899,1778)  (2130,1842)  (2131,1750)  (2131,1796)
F11  (1063,850)  (1017,895)  (1108,896)  (1019,804)  (1065,804)  (1109,850)  (1154,896)  (1123,942)
Cherbourg  (614,369)  (568,408)  (568,362)  (644,415)  (614,323)  (660,353)
F12  (823,1040)  (777,1085)  (777,1039)  (868,1086)  (823,994)  (869,994)  (869,1040)  (775,993)  (822,1131)  (731,1111)  (731,1065)  (914,1086)  (915,968)  (915,1014)  (729,1019)  (729,973)  (732,927)  (685,1099)  (960,1060)  (960,1106)  (961,968)  (961,1014)  (683,1053)  (683,1007)  (683,961)
F10  (806,852)  (760,865)  (760,819)  (851,898)  (806,806)  (852,806)  (852,852)  (714,865)  (714,819)  (897,898)  (898,795)  (898,841)  (703,773)  (668,888)  (668,842)  (943,887)  (944,791)  (944,837)
F8  (361,824)  (315,842)  (315,796)  (406,870)  (361,778)  (407,778)  (407,824)  (408,916)
F19  (696,1232)  (650,1277)  (650,1199)  (741,1278)  (696,1186)  (742,1186)  (742,1232)  (616,1153)  (604,1307)  (787,1278)  (788,1189)  (570,1169)
F9  (528,879)  (482,924)  (482,878)  (573,925)  (528,833)  (574,833)  (574,879)  (480,832)  (527,970)  (481,970)  (618,971)  (526,787)  (572,787)  (458,786)  (572,1016)  (526,1016)  (623,1017)  (504,741)  (550,741)  (596,741)  (577,1062)  (531,1062)
F6  (585,621)  (539,666)  (539,620)  (630,667)  (585,575)  (631,575)  (631,621)  (537,574)  (493,678)  (493,632)  (676,667)  (677,562)  (677,608)  (491,586)  (491,540)  (447,662)  (722,654)  (722,700)  (723,562)  (723,608)  (445,616)  (445,570)  (445,524)  (768,654)  (768,700)  (769,575)  (399,565)  (399,519)  (814,621)  (814,667)  (814,713)
F17  (2399,1249)  (2353,1257)  (2353,1211)  (2444,1295)  (2399,1203)  (2348,1165)  (2490,1286)  (2526,1238)  (2536,1284)
F7  (944,656)  (898,701)  (898,655)  (989,702)  (944,610)  (990,610)  (990,656)
F18  (2714,1251)  (2668,1296)  (2668,1250)  (2759,1297)  (2714,1205)  (2760,1205)  (2760,1251)  (2666,1204)  (2713,1342)  (2667,1342)  (2622,1296)  (2622,1250)  (2805,1297)  (2805,1343)  (2759,1343)  (2800,1159)  (2806,1205)  (2806,1251)
F15  (1870,1111)  (1824,1156)  (1824,1110)  (1888,1157)  (1870,1065)  (1916,1071)  (1822,1064)  (1934,1117)  (1842,1202)  (1796,1202)  (1778,1156)  (1778,1110)  (1776,1064)  (1980,1082)  (2024,1128)  (2026,1080)
F16  (2188,1170)  (2142,1207)  (2142,1161)  (2233,1216)  (2188,1124)  (2234,1124)  (2234,1170)  (2132,1115)  (2187,1253)  (2247,1262)
F13  (1104,1057)  (1058,1102)  (1058,1056)  (1149,1103)  (1104,1011)  (1150,1017)  (1056,1010)  (1195,1063)  (1195,1109)
F14  (1465,1048)  (1419,1093)  (1419,1047)  (1474,1094)  (1465,1002)  (1511,1002)  (1511,1048)  (1417,1001)  (1373,1111)  (1373,1065)  (1463,956)  (1557,991)  (1557,1037)  (1557,1083)  (1371,1019)  (1371,973)  (1417,955)  (1327,1143)  (1327,1097)  (1603,1013)  (1603,1059)  (1325,1051)  (1325,1005)  (1615,1105)  (1649,1022)  (1661,1068)  (1707,1043)  (1707,1089)
F1  (346,373)  (300,347)  (391,419)  (345,419)  (346,327)  (392,327)  (392,373)  (273,301)  (227,279)
F5  (323,636)  (277,609)  (368,682)  (322,682)  (323,590)  (269,563)  (303,517)
F4  (1012,395)  (966,401)  (966,355)  (1057,441)  (1012,349)  (1058,349)  (1058,395)  (1011,447)  (952,309)  (1023,493)
F3  (859,443)  (813,488)  (813,442)  (904,489)  (859,397)  (905,397)  (905,443)  (811,396)  (858,534)  (906,535)  (857,351)  (805,350)
F2  (648,482)  (602,507)  (694,458)  (694,504)  (717,412)  (556,488)  (740,458)  (740,504)  (513,442)  (500,396)  (491,350)  (467,451)
Caen  (2298,1360)  (2252,1377)  (2338,1406)  (2282,1314)  (2328,1314)  (2344,1360)
F27  (1552,1465)  (1506,1510)  (1506,1464)  (1597,1511)  (1552,1419)  (1598,1419)  (1598,1465)  (1504,1418)  (1460,1513)  (1460,1467)  (1643,1511)  (1643,1557)  (1597,1557)  (1644,1432)  (1458,1421)  (1484,1372)  (1530,1372)  (1689,1485)
F26  (1178,1490)  (1132,1535)  (1132,1489)  (1216,1536)  (1178,1444)  (1130,1443)  (1224,1418)  (1170,1581)  (1124,1581)  (1253,1582)  (1176,1398)  (1270,1381)  (1222,1372)  (1299,1595)  (1345,1595)  (1386,1388)
F25  (959,1523)  (913,1568)  (913,1522)  (1004,1569)  (959,1477)  (1005,1477)  (1005,1523)  (911,1476)  (958,1614)  (912,1614)  (867,1540)  (1050,1569)  (1050,1615)  (1004,1615)  (957,1431)  (1003,1431)  (1049,1431)  (1051,1485)  (865,1494)  (890,1430)  (866,1626)  (958,1660)  (912,1660)  (1050,1661)  (1004,1661)  (866,1672)
F24  (696,1419)  (650,1464)  (650,1418)  (741,1465)  (696,1373)  (742,1373)  (742,1419)  (648,1372)  (604,1502)  (604,1456)  (787,1465)  (788,1376)  (602,1366)
Utah Beach  (1238,651)  (1192,696)  (1263,605)  (1309,587)
F29  (2061,1403)  (2015,1448)  (2015,1402)  (2107,1380)  (2107,1426)  (2013,1356)  (2153,1419)  (2168,1465)
F28  (1821,1409)  (1775,1454)  (1775,1408)  (1866,1455)  (1821,1363)  (1867,1363)  (1867,1409)  (1773,1362)  (1729,1427)  (1912,1455)  (1913,1353)  (1913,1399)  (1727,1381)
F23  (1988,1250)  (1942,1295)  (1942,1249)  (2033,1296)  (1988,1204)  (2034,1206)  (1940,1203)  (1896,1302)  (2079,1252)  (2079,1298)  (2125,1295)
Gold Beach  (1885,832)  (1914,878)  (1862,786)  (1908,786)  (1912,924)
F22  (1594,1229)  (1548,1274)  (1548,1228)  (1639,1275)  (1594,1183)  (1640,1183)  (1640,1229)  (1546,1182)  (1593,1320)  (1502,1318)  (1502,1272)  (1685,1275)  (1672,1321)  (1686,1163)  (1686,1209)  (1500,1226)  (1500,1180)  (1731,1255)  (1731,1301)  (1777,1276)
F21  (1336,1259)  (1290,1303)  (1290,1257)  (1381,1305)  (1336,1213)  (1382,1213)  (1382,1259)  (1287,1211)  (1427,1305)  (1428,1210)  (1428,1256)
F20  (994,1257)  (948,1302)  (948,1256)  (1039,1303)  (994,1211)  (1040,1211)  (1040,1257)  (946,1210)  (955,1348)  (909,1348)  (902,1302)  (902,1256)  (1085,1303)  (1086,1183)  (1086,1229)  (900,1210)  (1113,1349)  (863,1355)  (856,1309)  (856,1263)  (1131,1275)  (1132,1193)  (1177,1239)  (1177,1285)
USAAF  (1955,163)  (1909,193)  (1909,147)  (2001,138)  (2001,184)  (1863,193)  (1863,147)  (2047,138)  (2047,184)  (1817,193)  (1817,147)  (2093,138)  (2093,184)
Sea  (1866,602)  (1812,568)  (1916,537)  (1956,607)  (2015,535)
F36  (1524,1723)  (1478,1768)  (1478,1722)  (1569,1769)  (1524,1677)  (1570,1677)  (1570,1723)  (1476,1676)  (1523,1814)  (1477,1814)  (1615,1769)  (1615,1815)  (1569,1815)  (1522,1631)  (1568,1631)  (1616,1649)  (1616,1695)  (1430,1687)  (1430,1641)  (1476,1630)  (1426,1595)  (1523,1860)  (1477,1860)  (1623,1861)  (1577,1861)  (1472,1584)
F35  (1220,1758)  (1174,1803)  (1174,1757)  (1265,1804)  (1220,1712)  (1266,1712)  (1266,1758)  (1172,1711)  (1219,1849)  (1173,1849)  (1128,1803)  (1128,1757)  (1311,1804)  (1311,1850)  (1265,1850)  (1127,1850)  (1218,1666)  (1264,1666)  (1312,1691)  (1312,1737)  (1126,1711)  (1357,1783)  (1357,1829)  (1358,1728)
Juno Beach  (2137,852)  (2166,898)  (2114,806)  (2160,806)  (2164,944)
F38  (2093,1586)  (2047,1631)  (2047,1585)  (2138,1632)  (2093,1540)  (2139,1540)  (2139,1586)  (2045,1539)  (2092,1677)  (2046,1677)  (2001,1631)  (2001,1585)  (2184,1632)  (2149,1678)  (2000,1678)  (2185,1528)  (2185,1574)  (1999,1539)  (1955,1599)  (2230,1620)  (2231,1511)  (2231,1557)  (1953,1553)  (1953,1507)  (2276,1603)  (2276,1649)  (2277,1511)  (2277,1557)  (1907,1565)  (1907,1519)  (2322,1603)  (2322,1649)  (2323,1511)  (2323,1557)
F37  (1756,1682)  (1710,1727)  (1710,1681)  (1801,1728)  (1756,1636)  (1802,1636)  (1802,1682)  (1708,1635)  (1755,1773)  (1709,1773)  (1821,1774)  (1754,1590)  (1800,1590)  (1848,1603)  (1848,1649)  (1848,1695)  (1775,1819)  (1729,1819)  (1683,1819)  (1821,1820)  (1756,1544)  (1802,1544)  (1894,1641)  (1894,1687)  (1775,1865)  (1729,1865)  (1683,1865)  (1821,1866)
F39  (2500,1598)  (2454,1643)  (2454,1597)  (2545,1644)  (2500,1552)  (2546,1552)  (2546,1598)  (2452,1551)  (2408,1687)  (2408,1641)  (2591,1644)  (2592,1545)  (2592,1591)  (2406,1595)  (2406,1549)  (2637,1686)  (2638,1527)
St. Lo  (1312,1488)  (1266,1500)  (1345,1534)  (1289,1442)  (1335,1442)  (1358,1488)
F30  (2237,1458)  (2370,1461)
F32  (2750,1525)  (2795,1571)  (2749,1571)  (2706,1479)  (2752,1479)  (2796,1525)  (2798,1477)  (2703,1614)  (2820,1617)  (2774,1617)  (2706,1433)  (2752,1433)  (2798,1431)  (2728,1660)  (2820,1663)  (2774,1663)  (2728,1706)  (2820,1709)  (2774,1709)
F31  (2519,1419)  (2473,1461)  (2473,1415)  (2564,1465)  (2519,1373)  (2565,1373)  (2565,1419)  (2468,1369)  (2610,1465)  (2611,1394)  (2656,1440)
F34  (939,1813)  (893,1858)  (893,1812)  (984,1859)  (939,1767)  (985,1767)  (985,1813)  (891,1766)  (1030,1859)  (1031,1749)  (1031,1795)
F33  (716,1717)  (670,1762)  (670,1716)  (761,1763)  (716,1671)  (762,1671)  (762,1717)  (715,1808)  (669,1808)  (624,1762)  (804,1809)  (707,1625)  (753,1625)  (799,1625)  (653,1584)  (595,1583)  (758,1854)  (712,1854)  (666,1854)  (804,1855)  (699,1579)  (745,1579)  (791,1579)